1280 1176
2320 2931
1030 1119
608 823
880 1145
480 732
385 1082
1646 1680
850 654
968 896
775 1071
5500 5351
1350 1979
900 826
665 1011
630 933
5600 3905
1380 751
830 1500
2100 2500
1200 1880
728 1057
1350 1891
780 1238
768 849
870 1666
380 565
890 1550
2750 2107
1780 2503
680 1100
1080 1809
630 987
638 856
788 1288
850 938
598 707
1650 2055
600 653
1118 1324
1350 1556
838 1028
1780 2500
1280 1511
565 613
658 987
1434 2019
618 814
1298 2627
775 1071
455 500
948 876
600 700
508 744
340 737
730 1460
468 800
806 1188
728 803
338 465
345 519
958 1716
598 858
578 858
568 858
488 1133
269 488
700 469
658 920
1650 1680
1062 965
970 986
598 850
1980 2839
1640 1366
1000 1239
1100 1239
950 1099
678 811
780 1063
1650 1366
900 1205
730 1261
1680 2167
968 1248
2411 2411
900 1185
998 1472
1080 1456
1280 1604
2803 2803
638 1008
6800 6762
808 821
4200 2884
730 748
1350 1685
2080 2839
1420 1731
860 1666
1600 1301
3456 3006
1630 1719
820 1499
350 690
240 360
328 719
598 912
498 652
850 1334
500 550
880 871
1280 1880
920 1185
938 1671
478 950
700 1436
1498 1673
1228 895
1080 2260
1880 2503
580 1050
950 1933
548 958
1200 1596
1253 1741
900 1060
1096 1154
1039 1119
638 1377
1032 1290
555 800
2100 2530
1300 1848
827 1126
1280 1603
1594 1678
380 745
480 652
630 880
760 706
650 1060
677 918
470 696
2100 1906
638 855
3275 2729
700 823
1388 1559
1850 2713
898 1600
420 775
1030 2100
898 1268
1400 2135
1598 1719
760 849
456 617
780 1100
1200 1209
935 779
1378 2080
708 546
690 556
1450 1702
258 538
2433 2616
1080 1180
800 1270
575 621
1015 1811
789 686
1198 1909
1516 1895
710 827
819 1206
3180 3180
3238 2399
998 1032
1350 1571
1499 2066
460 630
668 853
799 1976
1420 1665
3300 2481
1280 1388
960 1058
800 887
2000 2500
720 1100
700 773
900 880
590 880
4500 3122
1690 1906
961 1201
590 612
1150 1563
968 1185
1350 2062
1030 1514
658 1229
1850 2500
330 715
1180 2015
1150 1833
830 1469
1160 1207
909 1696
1250 1183
1382 1626
800 1209
1106 1129
1498 1666
1480 1511
1380 1520
1040 1262
868 806
580 1020
680 669
1070 895
580 816
375 415
980 2008
550 940
1300 1582
1180 1563
600 609
980 1528
450 1206
860 1293
650 972
615 1229
468 948
1550 1696
1850 2505
858 1177
680 823
930 1332
3846 3205
438 728
1480 1634
780 1158
928 961
1200 1207
380 790
640 922
900 1663
580 658
800 1238
500 968
968 1947
1160 1810
7800 4951
600 616
1198 1496
888 913
1654 1838
1150 1218
1680 1178
1380 1665
1438 1468
1336 1782
850 2204
868 825
1500 1585
588 870
880 1633
950 1700
2439 2439
1020 1298
240 400
880 1268
590 521
1600 1838
1050 1200
730 1246
480 829
710 826
1680 2261
1355 1178
1280 2037
2560 3041
1810 1724
988 1046
2067 1879
1750 2279
798 1423
970 1099
4600 2737
1438 2135
495 914
1350 1524
608 625
330 687
595 616
4000 1720
1600 1580
1300 1756
840 1642
738 931
1080 1350
1250 1628
1028 1318
1194 1591
713 1151
820 821
1715 1906
338 577
1500 2165
1260 1503
630 987
580 880
490 824
1298 1725
1488 1863
1150 1234
2100 2839
860 1311
1550 2082
780 1270
1300 1873
638 587
730 1152
1064 1182
750 1131
600 616
795 734
1426 1901
638 613
1350 2701
575 609
750 1071
3275 2729
1000 1067
730 731
220 500
962 1433
900 832
780 715
1550 2158
1040 1967
580 1006
718 623
838 1833
920 1825
1500 2701
580 1050
1678 1767
996 1152
4600 3506
608 849
1150 1708
1800 1819
580 0
2411 2411
1000 1306
1624 2165
1350 1707
1650 2055
949 1186
698 860
598 700
1580 2701
2000 2135
1500 1782
1280 1565
1360 1801
886 933
1230 1552
386 541
1100 2015
728 914
500 968
1120 2163
548 549
458 810
1800 2500
750 1078
890 933
900 1951
838 1270
568 1068
0 1123
640 845
1168 1314
850 1152
650 900
1146 1206
1250 2167
990 1456
1690 1724
1580 2135
498 1020
600 940
1668 2138
1030 948
888 1421
565 628
606 606
909 1290
1300 1154
730 826
1500 1634
668 800
450 630
350 614
600 1075
468 1110
898 1316
550 755
1480 887
1480 805
820 841
780 1154
280 714
718 1463
680 1000
780 1085
280 676
650 918
880 1311
760 1180
598 770
348 602
468 1050
650 754
850 1458
458 741
308 800
620 750
498 491
670 823
810 1215
388 520
240 482
730 1084
530 923
538 728
380 587
400 587
400 587
240 388
468 753
500 577
252 600
550 717
1050 1430
338 593
380 1180
508 1050
298 484
380 610
1066 1107
1515 1629
999 951
2200 1712
2880 1848
860 1185
3153 3153
410 1250
1925 2637
550 828
698 1537
988 1060
1098 1463
448 0
928 1199
1400 1477
2671 2671
1280 1597
4180 4102
1680 2060
868 912
1180 1209
2204 2448
538 780
1428 1680
